BM25_SCORE_LIST_FOR_EVALUATION  :  0.5126525699923674
BM25_SCORE_STOPPED_LIST_FOR_EVALUATION  :  0.4754400140874323
LUCENE_SCORE_LIST_FOR_EVALUATION  :  0.41337088397069716
LUCENE_SCORE_STOPPED_LIST_FOR_EVALUATION  :  0.3846975724756361
TF_IDF_SCORE_LIST_FOR_EVALUATION  :  0.16166849875869993
TF_IDF_SCORE_STOPPED_LIST_FOR_EVALUATION  :  0.23490048998622676
PSEUDO_RELEVANCE_BM25_SCORE_LIST_FOR_EVALUATION  :  0.2941837814826303
SMOOTHED_MODEL_SCORE_LIST_FOR_EVALUATION  :  0.31773667269537953
