BM25_SCORE_LIST_FOR_EVALUATION  :  0.6753968253968254
BM25_SCORE_STOPPED_LIST_FOR_EVALUATION  :  0.591871878121878
LUCENE_SCORE_LIST_FOR_EVALUATION  :  0.5636624949124949
LUCENE_SCORE_STOPPED_LIST_FOR_EVALUATION  :  0.5362695184380883
TF_IDF_SCORE_LIST_FOR_EVALUATION  :  0.23463022414121665
TF_IDF_SCORE_STOPPED_LIST_FOR_EVALUATION  :  0.3758217748845303
PSEUDO_RELEVANCE_BM25_SCORE_LIST_FOR_EVALUATION  :  0.4129836311097654
SMOOTHED_MODEL_SCORE_LIST_FOR_EVALUATION  :  0.4668522483779836
